Scan type: APPLIED VOLTAGE;
Applied Voltage: 1.5;
Applied Duration: 10.0;
Creator: bla;
Label: black;
Composition: blo;
Date: Tue Jul 10 12:19:20 2018;
Light Intensity: ble;
Pixel: blu;
Voltage/ V, Current/ A, Time/ s;
1.499936,0.003254495,0.0;
1.499936,0.003254514,0.082629;
1.499936,0.003254526,0.165219;
1.499936,0.003254535,0.247813;
1.499934,0.003254542,0.330424;
1.499936,0.003254554,0.413033;
1.499935,0.003254556,0.495637;
1.499936,0.003254568,0.578247;
1.499936,0.003254571,0.660851;
1.499936,0.003254578,0.743473;
1.499936,0.003254583,0.826081;
1.499937,0.003254591,0.908683;
1.499936,0.003254596,0.991285;
1.499937,0.003254602,1.073884;
1.499936,0.003254605,1.156492;
1.499936,0.003254609,1.239092;
1.499936,0.003254613,1.321696;
1.499936,0.003254618,1.404293;
1.499936,0.003254624,1.486898;
1.499937,0.00325463,1.569504;
1.499937,0.003254633,1.6521;
1.499936,0.003254635,1.734699;
1.499937,0.00325464,1.817302;
1.499936,0.003254647,1.899896;
1.499936,0.003254651,1.982497;
1.499937,0.003254656,2.065095;
1.499936,0.003254661,2.147688;
1.499936,0.003254659,2.230278;
1.499936,0.003254666,2.312874;
1.499936,0.003254666,2.395472;
1.499937,0.003254669,2.478059;
1.499936,0.003254673,2.560659;
1.499936,0.003254677,2.643245;
1.499937,0.003254682,2.725832;
1.499936,0.003254683,2.80843;
1.499934,0.00325468,2.891019;
1.499936,0.003254692,2.973609;
1.499936,0.003254694,3.056222;
1.499936,0.003254695,3.138829;
1.499938,0.003254702,3.22144;
1.499936,0.003254703,3.30406;
1.499936,0.003254704,3.386667;
1.499937,0.003254709,3.469271;
1.499936,0.00325471,3.551882;
1.499936,0.003254712,3.634496;
1.499937,0.003254717,3.717098;
1.499936,0.00325472,3.799708;
1.499936,0.003254721,3.882313;
1.499936,0.003254724,3.96492;
1.499936,0.003254727,4.04753;
1.499936,0.003254727,4.130135;
1.499936,0.003254734,4.212745;
1.499937,0.003254737,4.295353;
1.499938,0.00325474,4.377951;
1.499936,0.00325474,4.460553;
1.499936,0.003254744,4.54316;
1.499937,0.003254745,4.625757;
1.499936,0.003254745,4.70836;
1.499937,0.003254753,4.790972;
1.499936,0.003254752,4.87357;
1.499936,0.003254759,4.956169;
1.499936,0.003254759,5.038773;
1.499935,0.003254757,5.121371;
1.499936,0.003254763,5.203968;
1.499937,0.003254765,5.286572;
1.499937,0.00325477,5.36917;
1.499936,0.003254772,5.451767;
1.499937,0.003254774,5.53437;
1.499937,0.003254775,5.616963;
1.499937,0.003254779,5.69956;
1.499937,0.003254781,5.782159;
1.499938,0.003254782,5.864749;
1.499937,0.003254783,5.947345;
1.499936,0.003254786,6.029948;
1.499937,0.003254785,6.112539;
1.499937,0.003254788,6.195132;
1.499936,0.00325479,6.27774;
1.499936,0.00325479,6.360343;
1.499937,0.003254794,6.442937;
1.499938,0.003254797,6.52553;
1.499936,0.003254795,6.608124;
1.499936,0.003254797,6.690714;
1.499936,0.003254798,6.773311;
1.499937,0.003254803,6.855906;
1.499936,0.003254798,6.938505;
1.499935,0.003254801,7.021103;
1.499936,0.003254802,7.10369;
1.499937,0.003254803,7.186282;
1.499937,0.003254802,7.268875;
1.499936,0.003254802,7.351477;
1.499936,0.003254803,7.434068;
1.499936,0.003254801,7.516664;
1.499937,0.003254808,7.599254;
1.499936,0.003254809,7.681842;
1.499937,0.003254808,7.764462;
1.499937,0.003254811,7.847056;
1.499936,0.003254807,7.929646;
1.499937,0.003254813,8.012245;
1.499938,0.003254813,8.094839;
1.499937,0.003254816,8.177436;
1.499936,0.003254814,8.26004;
1.499936,0.003254813,8.342632;
1.499937,0.003254818,8.42522;
1.499935,0.003254818,8.507806;
1.499935,0.003254818,8.590396;
1.499937,0.003254824,8.672986;
1.499936,0.003254824,8.755582;
1.499935,0.003254823,8.838177;
1.499937,0.003254827,8.920764;
1.499937,0.003254829,9.003354;
1.499936,0.003254827,9.085945;
1.499937,0.003254835,9.16853;
1.499937,0.00325483,9.25112;
1.499937,0.003254833,9.33372;
1.199593e-05,-1.131035e-08,9.33372;
8.761046e-06,-1.821284e-08,9.416343999999999;
6.36177e-06,-2.329926e-08,9.498951;
4.368318e-06,-2.701428e-08,9.581562;
3.353591e-06,-2.969169e-08,9.664164999999999;
2.625544e-06,-3.166629e-08,9.746765;
1.049819e-06,-3.322123e-08,9.829405999999999;
1.384047e-06,-3.43292e-08,9.912016999999999;
5.007169e-07,-3.524111e-08,9.994615;
2.142042e-07,-3.587681e-08,10.077231999999999;
-1.677836e-07,-3.633295e-08,10.159832;
-4.184549e-07,-3.666658e-08,10.242428;
-3.707173e-07,-3.68444e-08,10.325040999999999;
-4.304311e-07,-3.714721e-08,10.407649;
-6.094633e-07,-3.721912e-08,10.490250999999999;
-1.027234e-06,-3.722931e-08,10.572854;
-7.646522e-07,-3.726178e-08,10.655466;
-4.184549e-07,-3.731348e-08,10.738075;
-6.691334e-07,-3.730866e-08,10.820670999999999;
-2.633024e-07,-3.730117e-08,10.903279999999999;
-1.409251e-06,-3.744012e-08,10.985892;
-8.839706e-07,-3.734025e-08,11.068501999999999;
-8.362404e-07,-3.73034e-08,11.151117;
-5.139445e-07,-3.732753e-08,11.233715;
-2.274755e-07,-3.730104e-08,11.316309;
-6.452392e-07,-3.73565e-08,11.398911;
-7.049457e-07,-3.734932e-08,11.481514;
-3.826062e-07,-3.733172e-08,11.564126;
-6.929622e-07,-3.743816e-08,11.646716;
-1.659879e-06,-3.738313e-08,11.729326;
-1.182278e-06,-3.729285e-08,11.811942;
-7.884155e-07,-3.722671e-08,11.894546;
-1.796943e-07,-3.716908e-08,11.977143;
-7.049457e-07,-3.72413e-08,12.059754;
-3.587484e-07,-3.736404e-08,12.142365999999999;
-5.258189e-07,-3.736125e-08,12.224966;
-1.051078e-06,-3.736307e-08,12.307572;
-9.316718e-07,-3.734409e-08,12.390177;
-6.929768e-07,-3.729533e-08,12.472777;
-6.333139e-07,-3.729867e-08,12.555394;
-4.423055e-07,-3.717875e-08,12.637989;
-4.661924e-07,-3.722455e-08,12.720585999999999;
-1.122746e-06,-3.737244e-08,12.803211999999998;
-5.974944e-07,-3.735997e-08,12.885812999999999;
-8.481366e-07,-3.748477e-08,12.968421;
-8.839488e-07,-3.734288e-08,13.051039;
-7.88481e-07,-3.71849e-08,13.13364;
-9.3173e-07,-3.721273e-08,13.216242;
-8.362404e-07,-3.710766e-08,13.298862;
-7.048657e-07,-3.713705e-08,13.381481999999998;
-6.810151e-07,-3.712103e-08,13.464092;
-9.078358e-07,-3.711728e-08,13.546703999999998;
-8.424104e-08,-3.716753e-08,13.629311999999999;
-6.571499e-07,-3.73047e-08,13.711911;
-7.765411e-07,-3.720616e-08,13.794512;
-8.95925e-07,-3.718907e-08,13.877129;
-3.110035e-07,-3.708517e-08,13.959741999999999;
-8.419738e-08,-3.713999e-08,14.04233;
-8.12397e-07,-3.723901e-08,14.124932;
-3.825044e-07,-3.724256e-08,14.207533999999999;
-3.945388e-07,-3.725783e-08,14.290147;
-1.916051e-07,-3.736772e-08,14.372768;
4.709727e-08,-3.752346e-08,14.455354;
-3.468158e-07,-3.756125e-08,14.537956999999999;
-6.452392e-07,-3.752189e-08,14.620566;
-4.900867e-07,-3.755337e-08,14.703176;
-4.781105e-07,-3.761071e-08,14.785779999999999;
-1.063003e-06,-3.759537e-08,14.868403;
-6.452537e-07,-3.759993e-08,14.951008999999999;
-1.337605e-06,-3.760048e-08,15.033607;
-4.303583e-07,-3.758256e-08,15.116235;
-6.213522e-07,-3.760476e-08,15.198825;
-6.81066e-07,-3.760567e-08,15.281441999999998;
-4.542599e-07,-3.766035e-08,15.364044;
-8.839488e-07,-3.774965e-08,15.446651;
-7.884955e-07,-3.773197e-08,15.529257999999999;
-1.325665e-06,-3.772966e-08,15.611857;
-8.95925e-07,-3.761733e-08,15.694474;
-1.086912e-06,-3.76335e-08,15.777072;
-2.154848e-07,-3.754287e-08,15.859689;
-1.122717e-06,-3.759226e-08,15.942288;
-5.497495e-07,-3.753918e-08,16.0249;
-9.3173e-07,-3.747865e-08,16.107499;
-4.781468e-07,-3.720722e-08,16.19011;
-5.735928e-07,-3.727023e-08,16.272709;
-1.080989e-07,-3.726433e-08,16.355316;
-9.078722e-07,-3.739599e-08,16.437907;
-1.11077e-06,-3.744714e-08,16.520518;
-9.675423e-07,-3.73788e-08,16.603136;
-6.810296e-07,-3.74663e-08,16.685736;
-6.094197e-07,-3.759815e-08,16.768348;
-4.900503e-07,-3.766424e-08,16.850949999999997;
-7.765484e-07,-3.776116e-08,16.933547;
-6.213668e-07,-3.778999e-08,17.016156;
-6.691043e-07,-3.771594e-08,17.098751;
-5.378388e-07,-3.758621e-08,17.181355;
-5.139445e-07,-3.768234e-08,17.263951;
-7.646377e-07,-3.771975e-08,17.346553999999998;
-4.423418e-07,-3.773108e-08,17.429157;
-1.086904e-06,-3.778165e-08,17.511763000000002;
-7.407652e-07,-3.765662e-08,17.594374000000002;
-1.265937e-06,-3.759725e-08,17.676971;
-7.40758e-07,-3.75398e-08,17.759579000000002;
-2.632441e-07,-3.755218e-08,17.8422;
-7.287963e-07,-3.755206e-08,17.924805;
-2.990564e-07,-3.766499e-08,18.007412000000002;
-3.348541e-07,-3.771675e-08,18.090024;
-1.50469e-06,-3.77596e-08,18.172620000000002;
-9.55617e-07,-3.76539e-08,18.255243999999998;
-5.735419e-07,-3.762733e-08,18.337853;
-4.661051e-07,-3.75995e-08,18.420462;
-6.332557e-07,-3.762964e-08,18.503058;
-6.452537e-07,-3.765104e-08,18.585665;
-7.168273e-07,-3.770193e-08,18.66827;
-1.12268e-06,-3.77341e-08,18.750871;
-8.959032e-07,-3.768363e-08,18.833489999999998;
-9.555806e-07,-3.766331e-08,18.916094;
